1;"";1;2224;0.0525038;30;-8.6439745;41.1685515;-8.6437402;41.1681135
2;"";2224;2;0.3924584;30;-8.6437402;41.1681135;-8.6455087;41.1654654
3;"";3;4;0.2252913;30;-8.6424969;41.1670699;-8.6426814;41.1675008
4;"";5;6;0.0973296;30;-8.6417132;41.1669776;-8.6424866;41.1676312
5;"";7;5;0.4621734;30;-8.6436883;41.165909;-8.6417132;41.1669776
6;"";8;12025;0.2354798;30;-8.6406178;41.1660815;-8.6404197;41.1681272
7;"";12025;9;0.1253092;30;-8.6404197;41.1681272;-8.6394659;41.1689881
8;"";10;44653;0.2332594;30;-8.6395979;41.1691401;-8.6421044;41.1683434
9;"";44653;17067;0.1081016;30;-8.6421044;41.1683434;-8.6433029;41.168263
10;"";17067;11;0.0572917;30;-8.6433029;41.168263;-8.643808;41.1686107
11;"";12;13;0.0453536;30;-8.6189204;41.1738455;-8.619462;41.1738326
12;"IC23";14;559;0.1526506;120;-8.6108498;41.1742469;-8.6091305;41.1738134
13;"IC23";559;570;0.1628742;120;-8.6091305;41.1738134;-8.607616;41.1729068
14;"IC23";570;51526;0.4947765;120;-8.607616;41.1729068;-8.6022804;41.1712725
15;"IC23";51526;18;0.282905;120;-8.6022804;41.1712725;-8.598935;41.1712299
16;"IC23";18;15;0.2424077;120;-8.598935;41.1712299;-8.5961204;41.171737
17;"A 1";16;51499;0.3108836;120;-8.5797848;41.0750328;-8.5812728;41.0724783
18;"A 1";51499;903;0.3046849;120;-8.5812728;41.0724783;-8.5821046;41.069817
19;"A 1";903;17;0.3965818;120;-8.5821046;41.069817;-8.5815593;41.0662928
20;"";18;19;0.3409825;50;-8.598935;41.1712299;-8.5955176;41.171523
21;"";20;21;0.3343977;30;-8.5939122;41.1713255;-8.5942684;41.174094
22;"";22;23;0.235103;50;-8.5944935;41.1741528;-8.5952761;41.1721231
23;"";22;24;0.5251652;30;-8.5944935;41.1741528;-8.598987;41.1714054
24;"A 1";25;26;0.17516;90;-8.6314929;41.1173249;-8.633029;41.1183933
25;"A 1";27;36900;0.5025765;100;-8.6315967;41.1172316;-8.6263462;41.1150965
26;"A 1";36900;36899;0.0225711;100;-8.6263462;41.1150965;-8.6260873;41.1150403
27;"A 1";36899;36902;0.2380105;100;-8.6260873;41.1150403;-8.6233661;41.114425
28;"A 1";36902;28;1.4168668;100;-8.6233661;41.114425;-8.6074328;41.110296
29;"";29;30;0.4361017;30;-8.5940766;41.1849145;-8.5946204;41.1815875
30;"";31;32;0.3793817;30;-8.5932129;41.1814191;-8.5934688;41.1809331
31;"";33;34;0.2870618;30;-8.5921294;41.1803735;-8.5929491;41.1803527
32;"";35;36;0.4698515;30;-8.5911528;41.1801921;-8.5934989;41.1839065
33;"";37;2299;0.2244584;30;-8.5627462;41.2411043;-8.564199;41.2425731
34;"";2299;38;0.3833601;30;-8.564199;41.2425731;-8.5658498;41.2457617
35;"";39;40;0.3250575;30;-8.564861;41.242811;-8.5670574;41.2408553
36;"";41;42;0.1452152;30;-8.5647803;41.2425262;-8.5645434;41.2412328
37;"";43;2253;0.3753454;30;-8.5017562;41.375835;-8.5022721;41.3772708
38;"";2253;760;0.3713874;30;-8.5022721;41.3772708;-8.5027066;41.3805709
39;"";760;758;0.1062905;30;-8.5027066;41.3805709;-8.502865;41.3815168
40;"";758;44;0.0573833;30;-8.502865;41.3815168;-8.5028479;41.3820327
41;"";45;46;0.3241951;30;-8.5032065;41.3722021;-8.5020484;41.3743448
42;"";47;48;0.4379837;50;-8.5044017;41.3869504;-8.503213;41.3834174
43;"";49;50;0.2069091;30;-8.5028869;41.376243;-8.5027074;41.374622
44;"";51;52;0.2921699;30;-8.6223813;41.1817809;-8.6245912;41.1800724
45;"";53;54;0.1640009;30;-8.6193071;41.1817841;-8.6211293;41.1816016
46;"";55;56;0.0311733;30;-8.6220852;41.1804513;-8.6217784;41.1806071
47;"";57;58;0.0707459;30;-8.6247563;41.1799205;-8.6239494;41.1798161
48;"";59;60;0.0328161;30;-8.622557;41.1804658;-8.6228965;41.1803237
49;"";61;62;0.2447499;30;-8.622421;41.1798137;-8.6227193;41.1802837
50;"";63;7;0.2701878;30;-8.6465558;41.1647957;-8.6436883;41.165909
51;"";7;64;0.2839021;30;-8.6436883;41.165909;-8.6404621;41.1656282
52;"Rua de Ramalho Ortigão";65;66;0.1037616;40;-8.6112132;41.1494225;-8.6121321;41.1487964
53;"Rua da Conceição";67;69;0.0809721;40;-8.6130782;41.1499867;-8.6140445;41.1499575
54;"Rua da Conceição";69;68;0.0632208;40;-8.6140445;41.1499575;-8.6147984;41.1499259
55;"Rua de José Falcão";69;70;0.1910764;40;-8.6140445;41.1499575;-8.614397;41.1482599
56;"Rua de Avis";71;72;0.0850748;40;-8.6133716;41.1475417;-8.613128;41.1482774
57;"Rua da Maternidade";73;74;0.1903078;40;-8.6212946;41.1516697;-8.623137;41.1506674
58;"Rua do Rosário";75;50500;0.1413961;40;-8.6201438;41.1477096;-8.6206842;41.1487092
59;"Rua do Rosário";50500;10025;0.104489;40;-8.6206842;41.1487092;-8.6208675;41.1496387
60;"Rua do Rosário";10025;78;0.1211206;40;-8.6208675;41.1496387;-8.6210934;41.1507146
61;"Rua do Rosário";78;73;0.1075301;40;-8.6210934;41.1507146;-8.6212946;41.1516697
62;"Largo da Maternidade de Júlio Dinis";74;76;0.0494858;40;-8.623137;41.1506674;-8.6230616;41.150226
63;"Rua do Breyner";77;78;0.3073654;40;-8.617615;41.1515935;-8.6210934;41.1507146
64;"Rua do Breyner";78;76;0.1735184;40;-8.6210934;41.1507146;-8.6230616;41.150226
65;"Praça da República";79;80;0.1120289;60;-8.613284;41.1537484;-8.6119957;41.153597
66;"Rua Álvares Cabral";81;85;0.0164029;60;-8.6190485;41.1552229;-8.6188567;41.1551928
67;"Rua Álvares Cabral";85;49406;0.0027152;60;-8.6188567;41.1551928;-8.6188252;41.155187
68;"Rua Álvares Cabral";49406;82;0.4750457;60;-8.6188252;41.155187;-8.6133132;41.1541733
69;"Rua dos Bragas";83;84;0.3780786;40;-8.6135768;41.152868;-8.6180651;41.1524943
70;"";85;86;0.0220589;40;-8.6188567;41.1551928;-8.6189964;41.1550246
71;"Rua da Boa Hora";73;87;0.1137656;40;-8.6212946;41.1516697;-8.6207652;41.1526028
72;"Rua do Padre Cruz";88;45399;0.0475019;40;-8.6240777;41.1529163;-8.6245074;41.1531926
73;"Rua do Padre Cruz";45399;2463;0.097792;40;-8.6245074;41.1531926;-8.6254321;41.1537299
74;"Rua do Padre Cruz";2463;17356;0.1179458;40;-8.6254321;41.1537299;-8.626536;41.1543887
75;"Rua do Padre Cruz";17356;89;0.0230773;40;-8.626536;41.1543887;-8.6267586;41.1545111
76;"Rua de Carlos Alberto";90;91;0.0591852;40;-8.6160919;41.1474381;-8.6159944;41.1479648
77;"Rua da Boavista";92;45416;0.0189951;60;-8.6133173;41.1552822;-8.6135388;41.1553192
78;"Rua da Boavista";45416;45381;0.3566956;60;-8.6135388;41.1553192;-8.6176976;41.1560159
79;"Rua da Boavista";45381;45380;0.022309;60;-8.6176976;41.1560159;-8.6179574;41.1560605
80;"Rua da Boavista";45380;2476;0.1198672;60;-8.6179574;41.1560605;-8.619349;41.156314
81;"Rua da Boavista";2476;28145;0.123049;60;-8.619349;41.156314;-8.6207885;41.1565374
82;"Rua da Boavista";28145;4756;0.0436956;60;-8.6207885;41.1565374;-8.6212955;41.1566307
83;"Rua da Boavista";4756;93;0.1255776;60;-8.6212955;41.1566307;-8.6227621;41.1568676
84;"Rua da Regeneração";94;4806;0.0579143;60;-8.611936;41.1552217;-8.6119202;41.1557424
85;"Rua da Regeneração";4806;95;0.0984289;60;-8.6119202;41.1557424;-8.6119032;41.1566275
86;"Rua do Alferes Malheiro";96;97;0.1996428;40;-8.6119899;41.1529865;-8.6101368;41.1518566
87;"Rua de Fernandes Tomás";98;45408;0.0245269;60;-8.5985232;41.1483599;-8.5988153;41.1483492
88;"Rua de Fernandes Tomás";45408;99;0.1526006;60;-8.5988153;41.1483492;-8.6005809;41.1486892
89;"Rua do Bonjardim";100;48835;0.245949;40;-8.6081009;41.1525949;-8.6088953;41.150487
90;"Rua do Bonjardim";48835;50216;0.05689;40;-8.6088953;41.150487;-8.6094208;41.1501627
91;"Rua do Bonjardim";50216;101;0.1058366;40;-8.6094208;41.1501627;-8.6094999;41.1492167
92;"Rua do Bolhão";102;103;0.045112;40;-8.6068551;41.1522871;-8.6070347;41.1519046
93;"Rua da Firmeza";104;107;0.2043349;40;-8.6066934;41.1509929;-8.6042541;41.1509358
94;"Rua da Firmeza";107;114;0.0475684;40;-8.6042541;41.1509358;-8.6036864;41.1509525
95;"Rua da Firmeza";114;122;0.120557;40;-8.6036864;41.1509525;-8.6022482;41.1510048
96;"Rua da Firmeza";122;752;0.0901604;40;-8.6022482;41.1510048;-8.6011722;41.1510367
97;"Rua da Firmeza";752;105;0.0870913;40;-8.6011722;41.1510367;-8.600133;41.1510707
98;"Rua da Alegria";106;117;0.1213859;60;-8.602601;41.1556258;-8.6030354;41.1545843
99;"Rua da Alegria";117;2744;0.153259;60;-8.6030354;41.1545843;-8.6035523;41.1532621
100;"Rua da Alegria";2744;107;0.26708;60;-8.6035523;41.1532621;-8.6042541;41.1509358
101;"Rua da Alegria";107;679;0.1711993;60;-8.6042541;41.1509358;-8.6041044;41.1494003
102;"Rua da Alegria";679;48837;0.196612;60;-8.6041044;41.1494003;-8.6039181;41.1476377
103;"Rua da Alegria";48837;108;0.1229691;60;-8.6039181;41.1476377;-8.6038217;41.1465342
104;"Rua Dom Agostinho de Jesus e Sousa";109;6283;0.0957824;40;-8.5960473;41.1538502;-8.597167;41.1536735
105;"Rua Dom Agostinho de Jesus e Sousa";6283;110;0.2179365;40;-8.597167;41.1536735;-8.5997095;41.1532802
106;"Rua Rodolfo de Araújo";111;112;0.2535068;40;-8.6002167;41.1505009;-8.601921;41.1489581
107;"Rua Doutor Alves da Veiga";113;678;0.2157439;40;-8.6026185;41.147299;-8.6031806;41.1491925
108;"Rua Doutor Alves da Veiga";678;114;0.2002329;40;-8.6031806;41.1491925;-8.6036864;41.1509525
109;"Rua das Carvalheiras";115;49713;0.1802422;40;-8.6055751;41.1550845;-8.6062556;41.1535642
110;"Rua das Carvalheiras";49713;116;0.0069556;40;-8.6062556;41.1535642;-8.6062973;41.1535101
111;"Rua da Escola Normal";117;118;0.141175;40;-8.6030354;41.1545843;-8.6046934;41.1548151
112;"Rua Santa Catarina";119;2740;0.1589942;70;-8.6045293;41.1587604;-8.6044631;41.1601894
113;"Rua Santa Catarina";2740;120;0.0166299;70;-8.6044631;41.1601894;-8.604446;41.1603384
114;"Rua Dom João IV";121;122;0.2242312;40;-8.6020914;41.1489917;-8.6022482;41.1510048
115;"Rua Dom João IV";122;2743;0.2535241;40;-8.6022482;41.1510048;-8.6024404;41.1532802
116;"Rua Dom João IV";2743;2897;0.1414447;40;-8.6024404;41.1532802;-8.6025313;41.1545504
117;"Rua Dom João IV";2897;106;0.1197213;40;-8.6025313;41.1545504;-8.602601;41.1556258
118;"Travessa de Anselmo Braancamp";123;6277;0.0436341;40;-8.5994778;41.1545295;-8.5999988;41.1545396
119;"Travessa de Anselmo Braancamp";6277;751;0.0481157;40;-8.5999988;41.1545396;-8.6005735;41.1545404
310;"";10379;270;0.0120728;60;-8.6747216;41.1898148;-8.6745801;41.1898142
120;"Travessa de Anselmo Braancamp";751;124;0.0608201;40;-8.6005735;41.1545404;-8.6012999;41.1545392
121;"Rua de Tourais";125;177;0.0840993;40;-8.6660009;41.2001727;-8.6668769;41.1998026
122;"Rua de Tourais";177;159;0.3014497;40;-8.6668769;41.1998026;-8.6680367;41.1973204
123;"Rua de Tourais";159;142;0.0249252;40;-8.6680367;41.1973204;-8.6682426;41.1971584
124;"Rua de Tourais";142;158;0.0529541;40;-8.6682426;41.1971584;-8.6686184;41.1967757
125;"Rua de Tourais";158;157;0.0327253;40;-8.6686184;41.1967757;-8.6689483;41.1966176
126;"Rua de Tourais";157;126;0.0837605;40;-8.6689483;41.1966176;-8.669938;41.1966317
127;"Rua do Salvado";127;1142;0.0530363;40;-8.6662323;41.1958541;-8.6667689;41.196108
128;"Rua do Salvado";1142;128;0.145343;40;-8.6667689;41.196108;-8.6680599;41.1969765
129;"Rua do Sarilho";129;272;0.1470717;40;-8.6683856;41.1908128;-8.669322;41.1919309
130;"Rua do Sarilho";272;130;0.0688605;40;-8.669322;41.1919309;-8.6697652;41.1924527
131;"Rua Monte do Castelo";126;133;0.1559056;40;-8.669938;41.1966317;-8.6714714;41.1974196
132;"Rua Monte do Castelo";133;150;0.1772711;40;-8.6714714;41.1974196;-8.6733125;41.1981564
133;"Rua Monte do Castelo";150;1072;0.0806695;40;-8.6733125;41.1981564;-8.6739147;41.1987186
134;"Rua Monte do Castelo";1072;201;0.0450015;40;-8.6739147;41.1987186;-8.6740005;41.1991125
135;"Rua Monte do Castelo";201;131;0.1862945;40;-8.6740005;41.1991125;-8.6754972;41.2000533
136;"Rua Monte de Xisto";132;193;0.0488706;40;-8.6716612;41.2020522;-8.6716586;41.2016127
137;"Rua Monte de Xisto";193;187;0.0334999;40;-8.6716586;41.2016127;-8.6716499;41.2013115
138;"Rua Monte de Xisto";187;195;0.0262045;40;-8.6716499;41.2013115;-8.6716615;41.201076
139;"Rua Monte de Xisto";195;197;0.058066;40;-8.6716615;41.201076;-8.6716609;41.2005538
140;"Rua Monte de Xisto";197;185;0.0564531;40;-8.6716609;41.2005538;-8.6716343;41.2000465
141;"Rua Monte de Xisto";185;161;0.0474955;40;-8.6716343;41.2000465;-8.6716487;41.1996195
142;"Rua Monte de Xisto";161;10848;0.046384;40;-8.6716487;41.1996195;-8.6717048;41.1992045
143;"Rua Monte de Xisto";10848;10861;0.0162434;40;-8.6717048;41.1992045;-8.6717314;41.1990598
144;"Rua Monte de Xisto";10861;149;0.0515955;40;-8.6717314;41.1990598;-8.6717979;41.1986003
145;"Rua Monte de Xisto";149;133;0.1446597;40;-8.6717979;41.1986003;-8.6714714;41.1974196
146;"";134;135;0.0299622;40;-8.6748207;41.1899976;-8.6751636;41.1899203
147;"Rua dos Paus";136;133;0.1689129;40;-8.6731434;41.1966263;-8.6714714;41.1974196
148;"Travessa das Senras";137;138;0.1928481;40;-8.6706102;41.1944238;-8.6715178;41.196018
149;"Rua Nova de Tourais";139;140;0.2049406;40;-8.6684842;41.1945765;-8.668423;41.192734
150;"Rua do Monte da Terra";141;10864;0.0533294;40;-8.6691882;41.2018676;-8.6690687;41.2013965
151;"Rua do Monte da Terra";10864;10866;0.0420665;40;-8.6690687;41.2013965;-8.6689744;41.2010249
152;"Rua do Monte da Terra";10866;10856;0.059511;40;-8.6689744;41.2010249;-8.668841;41.2004992
153;"Rua do Monte da Terra";10856;10859;0.06366;40;-8.668841;41.2004992;-8.6686743;41.1999406
154;"Rua do Monte da Terra";10859;10846;0.0346835;40;-8.6686743;41.1999406;-8.6685988;41.1996339
155;"Rua do Monte da Terra";10846;154;0.0165651;40;-8.6685988;41.1996339;-8.6685569;41.1994883
156;"Rua do Monte da Terra";154;152;0.2158051;40;-8.6685569;41.1994883;-8.6690138;41.1977002
157;"Rua do Monte da Terra";152;142;0.0893354;40;-8.6690138;41.1977002;-8.6682426;41.1971584
158;"Rua Joaquim Neves dos Santos";143;144;0.0226412;40;-8.6701;41.1926141;-8.6699176;41.1924637
159;"Rua de Passos Manuel";145;1303;0.0822793;40;-8.6608784;41.1940302;-8.6614539;41.1946302
160;"Rua de Passos Manuel";1303;1077;0.1735091;40;-8.6614539;41.1946302;-8.6626737;41.1958921
161;"Rua de Passos Manuel";1077;146;0.081738;40;-8.6626737;41.1958921;-8.6632078;41.1965076
162;"Avenida Engenheiro António Jorge Oliveira Maia";147;48143;0.097566;40;-8.6638625;41.2025623;-8.6638357;41.2016851
163;"Avenida Engenheiro António Jorge Oliveira Maia";48143;168;0.3015255;40;-8.6638357;41.2016851;-8.6637551;41.1989744
164;"Avenida Engenheiro António Jorge Oliveira Maia";168;148;0.1476657;40;-8.6637551;41.1989744;-8.6643988;41.1977797
165;"Rua Padre Alexandre Milheiro";149;150;0.137057;40;-8.6717979;41.1986003;-8.6733125;41.1981564
166;"Rua Padre Alexandre Milheiro";150;14393;0.1058295;40;-8.6733125;41.1981564;-8.6739748;41.1974076
167;"Rua Padre Alexandre Milheiro";14393;247;0.0229048;40;-8.6739748;41.1974076;-8.6737945;41.1972526
168;"Rua Padre Alexandre Milheiro";247;136;0.0886092;40;-8.6737945;41.1972526;-8.6731434;41.1966263
169;"Rua das Acarias";151;152;0.089816;40;-8.6700459;41.1975168;-8.6690138;41.1977002
170;"Travessa Monte da Terra";153;154;0.0537019;40;-8.6691985;41.1994744;-8.6685569;41.1994883
171;"Viela Monte da Terra";155;153;0.0817514;40;-8.6690824;41.1987444;-8.6691985;41.1994744
172;"Viela de Tourais";156;157;0.0682177;40;-8.6681844;41.1964561;-8.6689483;41.1966176
173;"Viela Salvado";158;128;0.0600526;40;-8.6686184;41.1967757;-8.6680599;41.1969765
174;"Viela do Salvado";128;159;0.0383983;40;-8.6680599;41.1969765;-8.6680367;41.1973204
175;"Travessa Monte Xisto";160;10850;0.1210353;40;-8.6736062;41.2004664;-8.6723567;41.1999271
176;"Travessa Monte Xisto";10850;161;0.0684006;40;-8.6723567;41.1999271;-8.6716487;41.1996195
177;"Rua da Lomba";162;11930;0.0174498;40;-8.66589;41.2002286;-8.6657979;41.2003694
178;"Rua da Lomba";11930;163;0.0270331;40;-8.6657979;41.2003694;-8.6658189;41.200612
179;"Rua Monte dos Pipos";164;165;0.0451647;40;-8.6585148;41.1993165;-8.6588485;41.1996278
180;"Lugar da Igreja";166;167;0.0858027;40;-8.6657295;41.1998638;-8.6654588;41.2004085
181;"Rua Engenheiro António Jorge Oliveira Maia";168;1310;0.0966661;40;-8.6637551;41.1989744;-8.6627928;41.1993812
182;"Rua Engenheiro António Jorge Oliveira Maia";1310;169;0.0084519;40;-8.6627928;41.1993812;-8.6627054;41.1994193
183;"Rua Engenheiro António Jorge Oliveira Maia";170;169;0.1656679;40;-8.6630103;41.2007082;-8.6627054;41.1994193
184;"Rua Monte Ramalhao";171;173;0.0649344;40;-8.6656605;41.2011249;-8.6652829;41.2016351
185;"Rua Monte Ramalhao";173;172;0.1768111;40;-8.6652829;41.2016351;-8.6659661;41.2019865
186;"Travessa Monte Ramalhao";172;173;0.0692375;40;-8.6659661;41.2019865;-8.6652829;41.2016351
187;"";174;171;0.0696988;40;-8.6657813;41.2006582;-8.6656605;41.2011249
188;"";171;175;0.0187035;40;-8.6656605;41.2011249;-8.6654708;41.2010359
189;"Travessa de Tourais";176;177;0.0868182;40;-8.6668278;41.2005825;-8.6668769;41.1998026
190;"Travessa da Regedoura";163;10857;0.2557359;40;-8.6658189;41.200612;-8.6675586;41.202075
191;"Travessa da Regedoura";10857;178;0.0113796;40;-8.6675586;41.202075;-8.6676912;41.2020978
192;"Travessa da Regedoura";178;181;0.0558589;40;-8.6676912;41.2020978;-8.6683543;41.2021565
193;"Travessa da Regedoura";181;141;0.0806229;40;-8.6683543;41.2021565;-8.6691882;41.2018676
194;"Rua Japão";178;179;0.1513199;40;-8.6676912;41.2020978;-8.6676294;41.2034523
195;"Beco da Regedoura";180;181;0.0486568;40;-8.6684243;41.2025909;-8.6683543;41.2021565
196;"Travessa Monte de Xisto";161;182;0.253831;40;-8.6716487;41.1996195;-8.6699636;41.2013593
197;"Viela da Regedoura";182;183;0.0962122;40;-8.6699636;41.2013593;-8.6692225;41.2020161
198;"Viela Nova Monte de Xisto";184;188;0.1101528;40;-8.6703211;41.2010474;-8.6710082;41.2002938
199;"Viela Nova Monte de Xisto";188;185;0.0591615;40;-8.6710082;41.2002938;-8.6716343;41.2000465
200;"Rua Bela Vista";186;189;0.0479208;40;-8.6703211;41.2017384;-8.6708619;41.2015964
201;"Rua Bela Vista";189;187;0.0732154;40;-8.6708619;41.2015964;-8.6716499;41.2013115
202;"Rua Nova Monte de Xisto";188;189;0.1453588;40;-8.6710082;41.2002938;-8.6708619;41.2015964
203;"Rua do Monte";190;132;0.1757966;40;-8.6735853;41.2021625;-8.6716612;41.2020522
204;"Rua do Monte";132;191;0.1759813;40;-8.6716612;41.2020522;-8.6707945;41.202818
205;"Rua das Escadinhas";192;193;0.1602086;40;-8.6735707;41.2016195;-8.6716586;41.2016127
206;"Rua da Encosta";194;195;0.1649328;40;-8.6735945;41.2013673;-8.6716615;41.201076
207;"Rua Baixio";196;197;0.1532027;40;-8.6734077;41.2009672;-8.6716609;41.2005538
208;"Rua Encosta do Rio";198;194;0.0461729;40;-8.6738797;41.2017228;-8.6735945;41.2013673
209;"Rua Encosta do Rio";194;196;0.0471543;40;-8.6735945;41.2013673;-8.6734077;41.2009672
210;"Rua Encosta do Rio";196;160;0.058111;40;-8.6734077;41.2009672;-8.6736062;41.2004664
211;"Rua Encosta do Rio";160;199;0.0776577;40;-8.6736062;41.2004664;-8.674155;41.1999844
212;"Rua Ponte de Guifoes";200;199;0.1239637;40;-8.6751678;41.2007981;-8.674155;41.1999844
213;"Rua Ponte de Guifoes";199;201;0.1071081;40;-8.674155;41.1999844;-8.6740005;41.1991125
214;"Rua Joaquim Neves dos Santos";202;143;0.0179572;40;-8.6699111;41.1925431;-8.6701;41.1926141
215;"Rua do Sarillo";130;10889;0.0121767;40;-8.6697652;41.1924527;-8.6697805;41.1925552
216;"Rua do Sarillo";10889;202;0.011507;40;-8.6697805;41.1925552;-8.6699111;41.1925431
217;"Rua do Sarillo";202;144;0.0088904;40;-8.6699111;41.1925431;-8.6699176;41.1924637
218;"Rua do Sarillo";144;130;0.015266;40;-8.6699176;41.1924637;-8.6697652;41.1924527
219;"Rua de Sendim";203;8629;0.0296292;60;-8.6761057;41.1870172;-8.6757897;41.1871374
220;"Rua de Sendim";8629;45558;0.0304899;60;-8.6757897;41.1871374;-8.675474;41.1872743
221;"Rua de Sendim";45558;204;0.0156704;60;-8.675474;41.1872743;-8.6753117;41.1873446
222;"Rua Alfredo Cunha";203;205;0.0956825;60;-8.6761057;41.1870172;-8.6771197;41.1866196
223;"Rua de Sendim";206;1085;0.2540269;60;-8.6737212;41.1899258;-8.6706855;41.1899211
224;"Rua de Sendim";1085;639;0.0687786;60;-8.6706855;41.1899211;-8.6698649;41.1899303
225;"Rua de Sendim";639;637;0.0359038;60;-8.6698649;41.1899303;-8.6695229;41.1901197
226;"Rua de Sendim";637;636;0.0053829;60;-8.6695229;41.1901197;-8.6694811;41.1901565
227;"Rua de Sendim";636;129;0.1207933;60;-8.6694811;41.1901565;-8.6683856;41.1908128
228;"Rua de Sendim";129;207;0.1090523;60;-8.6683856;41.1908128;-8.667215;41.1912376
229;"Rua da Paz";208;10877;0.0438334;40;-8.6726471;41.1935429;-8.6729476;41.1938658
230;"Rua da Paz";10877;209;0.1940843;40;-8.6729476;41.1938658;-8.674615;41.1950792
231;"Rua São João";210;211;0.1980453;40;-8.6725957;41.1941177;-8.674313;41.1953434
232;"Travessa Viver do Mar";212;213;0.2072535;40;-8.672321;41.1942275;-8.674029;41.1955774
233;"Rua Viver do Mar";214;215;0.2120884;40;-8.672218;41.1942921;-8.6737973;41.195784
234;"Rua Nova dos Paus";216;217;0.2265649;40;-8.6717803;41.1945957;-8.6734969;41.1961715
235;"Rua Linhares";218;221;0.2273748;40;-8.6797408;41.1928385;-8.6775582;41.1921667
236;"Rua Linhares";221;10874;0.0309611;40;-8.6775582;41.1921667;-8.6773797;41.1919228
237;"Rua Linhares";10874;219;0.0223938;40;-8.6773797;41.1919228;-8.6772468;41.1917584
238;"Travessa Linhares";220;221;0.1178192;40;-8.6767405;41.1930293;-8.6775582;41.1921667
239;"Rua das Felgueiras";222;10872;0.0561292;40;-8.6771222;41.1943276;-8.6765701;41.1940935
240;"Rua das Felgueiras";10872;10870;0.0149691;40;-8.6765701;41.1940935;-8.6764144;41.1940272
241;"Rua das Felgueiras";10870;225;0.1320877;40;-8.6764144;41.1940272;-8.6753133;41.1948439
242;"Rua das Felgueiras";225;223;0.0388715;40;-8.6753133;41.1948439;-8.6748532;41.1948923
243;"Rua Reboredo";224;227;0.0521203;40;-8.6777026;41.1962297;-8.6775738;41.1957711
244;"Rua Reboredo";227;10867;0.1598993;40;-8.6775738;41.1957711;-8.6761619;41.1949365
245;"Rua Reboredo";10867;225;0.078072;40;-8.6761619;41.1949365;-8.6753133;41.1948439
547;"";458;460;0.0190105;30;-8.6785689;41.1529128;-8.6783674;41.1529916
246;"Rua 28 de Dezembro";226;227;0.142717;40;-8.6760031;41.1953578;-8.6775738;41.1957711
247;"Rua São Martinho";228;10868;0.1209057;40;-8.6745464;41.1951334;-8.6758465;41.1955965
248;"Rua São Martinho";10868;229;0.1259443;40;-8.6758465;41.1955965;-8.6772688;41.1959673
249;"Rua das Terçosas";230;237;0.0348778;40;-8.679098;41.1974215;-8.6790845;41.197108
250;"Rua das Terçosas";237;233;0.0552972;40;-8.6790845;41.197108;-8.6790845;41.1966107
251;"Rua das Terçosas";233;235;0.0184995;40;-8.6790845;41.1966107;-8.6789392;41.1964853
252;"Rua das Terçosas";235;239;0.0593374;40;-8.6789392;41.1964853;-8.6784028;41.1961621
253;"Rua das Terçosas";239;241;0.0344794;40;-8.6784028;41.1961621;-8.6779908;41.1961685
254;"Rua das Terçosas";241;224;0.0250554;40;-8.6779908;41.1961685;-8.6777026;41.1962297
255;"Rua das Terçosas";224;243;0.0221527;40;-8.6777026;41.1962297;-8.6774456;41.1962776
256;"Rua das Terçosas";243;245;0.196867;40;-8.6774456;41.1962776;-8.6751566;41.1959314
257;"Rua das Terçosas";245;231;0.0992754;40;-8.6751566;41.1959314;-8.6740996;41.1955258
258;"Rua Monte Branco";232;233;0.1456669;40;-8.6800127;41.1961059;-8.6790845;41.1966107
259;"";234;235;0.0855943;40;-8.6796149;41.1959317;-8.6789392;41.1964853
260;"";236;237;0.0761843;40;-8.6799943;41.1971358;-8.6790845;41.197108
261;"Rua Barrosinhas";238;239;0.0870125;40;-8.6784106;41.1969446;-8.6784028;41.1961621
262;"Rua dos Paus";238;242;0.0323956;40;-8.6784106;41.1969446;-8.6780242;41.196926
263;"Rua dos Paus";242;244;0.0437868;40;-8.6780242;41.196926;-8.6775009;41.1969214
264;"Rua dos Paus";244;249;0.0150379;40;-8.6775009;41.1969214;-8.6773274;41.1969567
265;"Rua dos Paus";249;251;0.059181;40;-8.6773274;41.1969567;-8.6766221;41.1969603
266;"Rua dos Paus";251;253;0.1395718;40;-8.6766221;41.1969603;-8.6749561;41.1968966
267;"Rua dos Paus";253;246;0.0323204;40;-8.6749561;41.1968966;-8.6746529;41.1967165
268;"Rua dos Paus";246;217;0.1146868;40;-8.6746529;41.1967165;-8.6734969;41.1961715
269;"Rua Beça Nova";240;241;0.0619734;40;-8.6778277;41.1956325;-8.6779908;41.1961685
270;"Rua Beça Nova";241;242;0.0842765;40;-8.6779908;41.1961685;-8.6780242;41.196926
271;"Travessa das Terçosas";243;244;0.0717367;40;-8.6774456;41.1962776;-8.6775009;41.1969214
272;"Rua das Moitas";245;246;0.0969395;40;-8.6751566;41.1959314;-8.6746529;41.1967165
273;"Rua das Moroças";246;247;0.0933371;40;-8.6746529;41.1967165;-8.6737945;41.1972526
274;"Travessa dos Paus";248;249;0.0875969;40;-8.6773127;41.1977444;-8.6773274;41.1969567
275;"Viela dos Paus";250;251;0.0896494;40;-8.6767119;41.1977637;-8.6766221;41.1969603
276;"Viela Nova dos Paus";252;255;0.0412161;40;-8.6762091;41.1972372;-8.6757171;41.1972187
277;"Viela Nova dos Paus";255;253;0.0748577;40;-8.6757171;41.1972187;-8.6749561;41.1968966
278;"Beco dos Paus";254;255;0.0604397;40;-8.6762905;41.1974634;-8.6757171;41.1972187
578;"N12";408;472;0.0130418;70;-8.5645547;41.1623177;-8.56443;41.1622474
279;"Rua do Reguinho de Água";256;257;0.049359;40;-8.6635488;41.2030913;-8.6631563;41.2034203
280;"Rua do Reguinho de Água";257;258;0.0472571;40;-8.6631563;41.2034203;-8.663669;41.2032462
281;"Rua do Reguinho de Água";259;257;0.4713386;40;-8.6579284;41.2040117;-8.6631563;41.2034203
282;"Avenida Engenheiro António Jorge Oliveira Maia";147;260;0.0326682;40;-8.6638625;41.2025623;-8.6637432;41.2028418
283;"Avenida Engenheiro António Jorge Oliveira Maia";261;147;0.0376195;40;-8.6640342;41.2028722;-8.6638625;41.2025623
284;"Rua Teófilo Carvalho dos Santos";262;263;0.0412;40;-8.664047;41.2032307;-8.664532;41.203292
285;"Rua Teófilo Carvalho dos Santos";263;264;0.0449695;40;-8.664532;41.203292;-8.6641458;41.2030143
286;"Rua Teófilo Carvalho dos Santos";265;29159;0.1528764;40;-8.6771388;41.2103117;-8.6756389;41.209641
287;"Rua Teófilo Carvalho dos Santos";29159;29171;0.0108405;40;-8.6756389;41.209641;-8.6755103;41.209629
288;"Rua Teófilo Carvalho dos Santos";29171;29182;0.0816599;40;-8.6755103;41.209629;-8.6745441;41.2097007
289;"Rua Teófilo Carvalho dos Santos";29182;29164;0.0076676;40;-8.6745441;41.2097007;-8.6744536;41.2097116
290;"Rua Teófilo Carvalho dos Santos";29164;48147;0.1045446;40;-8.6744536;41.2097116;-8.6732137;41.2097849
291;"Rua Teófilo Carvalho dos Santos";48147;48145;0.1464989;40;-8.6732137;41.2097849;-8.6717602;41.2090586
292;"Rua Teófilo Carvalho dos Santos";48145;48140;0.0965145;40;-8.6717602;41.2090586;-8.6710607;41.2084145
293;"Rua Teófilo Carvalho dos Santos";48140;266;0.0645402;40;-8.6710607;41.2084145;-8.6707885;41.2078714
294;"A 3";21;267;0.3036561;120;-8.5942684;41.174094;-8.5933567;41.1767268
295;"Rua da Lomba";268;261;0.0091994;40;-8.6641029;41.2029368;-8.6640342;41.2028722
296;"Rua da Lomba";261;260;0.02515;40;-8.6640342;41.2028722;-8.6637432;41.2028418
297;"Rua da Lomba";260;256;0.0332738;40;-8.6637432;41.2028418;-8.6635488;41.2030913
298;"Rua da Lomba";256;258;0.0203641;40;-8.6635488;41.2030913;-8.663669;41.2032462
299;"Rua da Lomba";258;262;0.0335858;40;-8.663669;41.2032462;-8.664047;41.2032307
300;"Rua da Lomba";262;264;0.0261583;40;-8.664047;41.2032307;-8.6641458;41.2030143
301;"Rua da Lomba";264;268;0.0093351;40;-8.6641458;41.2030143;-8.6641029;41.2029368
302;"Rua do Sarilho";126;269;0.0178017;40;-8.669938;41.1966317;-8.6699442;41.1964779
303;"";270;6886;0.0060237;60;-8.6745801;41.1898142;-8.6745199;41.1898439
304;"";6886;6887;0.0241819;60;-8.6745199;41.1898439;-8.6745172;41.190041
305;"";6887;44844;0.006029;60;-8.6745172;41.190041;-8.6745766;41.1900717
306;"";44844;44853;0.0182438;60;-8.6745766;41.1900717;-8.6747799;41.1900429
307;"";44853;134;0.0060848;60;-8.6747799;41.1900429;-8.6748207;41.1899976
308;"";134;44850;0.0121546;60;-8.6748207;41.1899976;-8.6748213;41.1898904
309;"";44850;10379;0.0120734;60;-8.6748213;41.1898904;-8.6747216;41.1898148
311;"Avenida Joaquim Neves dos Santos";271;10377;0.0177876;60;-8.674716;41.1902878;-8.6747036;41.1904475
312;"Avenida Joaquim Neves dos Santos";10377;272;0.5874578;60;-8.6747036;41.1904475;-8.669322;41.1919309
313;"Avenida Joaquim Neves dos Santos";272;273;0.0207227;60;-8.669322;41.1919309;-8.6691012;41.1920153
314;"Praça Mouzinho de Albuquerque";274;275;0.0237732;70;-8.6288044;41.1588764;-8.6290835;41.1589103
315;"Rua de Jorge Reinel";276;277;0.0639433;40;-8.6565096;41.1624178;-8.6564797;41.1618621
316;"Praça do Império";278;279;0.0214524;60;-8.6721192;41.1552999;-8.6722335;41.1554713
317;"Rua de Diu";280;2030;0.0373407;60;-8.673157;41.1549173;-8.6735107;41.1547128
318;"Rua de Diu";2030;281;0.0347218;60;-8.6735107;41.1547128;-8.6738344;41.1545176
319;"Rua de Cândida Sá de Albergaria";282;283;0.110801;40;-8.6748703;41.1526373;-8.6756822;41.1534242
320;"Rua das Sobreiras";284;285;0.0578553;70;-8.6548132;41.1482725;-8.6541606;41.1484202
321;"Rua de Dom Luis Filipe";286;287;0.0522913;40;-8.6729195;41.1490864;-8.6729653;41.1486174
322;"Esplanada do Castelo";287;288;0.1238293;40;-8.6729653;41.1486174;-8.6742716;41.1481568
323;"Avenida Dom Carlos I";289;26131;0.0824026;70;-8.6760451;41.1497035;-8.6756077;41.1490431
324;"Avenida Dom Carlos I";26131;290;0.1441866;70;-8.6756077;41.1490431;-8.6745203;41.1480695
325;"Estrada da Circunvalação";291;16800;0.3783587;50;-8.6882686;41.1731629;-8.6838358;41.1734995
326;"Estrada da Circunvalação";16800;16797;0.2837152;50;-8.6838358;41.1734995;-8.680958;41.1721566
327;"Estrada da Circunvalação";16797;16801;0.0196775;50;-8.680958;41.1721566;-8.6807575;41.1720642
328;"Estrada da Circunvalação";16801;16795;0.6130974;50;-8.6807575;41.1720642;-8.6741794;41.17284
329;"Estrada da Circunvalação";16795;292;1.3295303;50;-8.6741794;41.17284;-8.6630802;41.1779523
330;"Estrada da Circunvalação";293;294;0.0220389;50;-8.6563089;41.1778421;-8.6565516;41.1777652
331;"Largo do Souto";295;46846;0.040372;60;-8.641722;41.2036762;-8.6419261;41.2033472
332;"Largo do Souto";46846;51251;0.1226877;60;-8.6419261;41.2033472;-8.6428272;41.2024846
333;"Largo do Souto";51251;6837;0.0131875;60;-8.6428272;41.2024846;-8.6429363;41.202399
334;"Largo do Souto";6837;51252;0.014986;60;-8.6429363;41.202399;-8.6427573;41.202394
335;"Largo do Souto";51252;296;0.1101565;60;-8.6427573;41.202394;-8.6414407;41.2023824
336;"Praça Gonçalves Zarco";297;298;0.0226578;70;-8.6883316;41.1673946;-8.6881081;41.1675078
337;"Avenida Brasil";298;299;0.0422247;70;-8.6881081;41.1675078;-8.6881447;41.1671451
338;"Rua do Ouro";300;301;0.0651481;70;-8.6533333;41.1485833;-8.6540643;41.1486674
339;"";301;302;0.0144804;70;-8.6540643;41.1486674;-8.6541647;41.1485655
340;"Rua das Condominhas";303;4998;0.1290904;40;-8.6532459;41.1485127;-8.6527169;41.1495564
341;"Rua das Condominhas";4998;4999;0.004338;40;-8.6527169;41.1495564;-8.6526937;41.1495913
342;"Rua das Condominhas";4999;4996;0.0244476;40;-8.6526937;41.1495913;-8.6525316;41.1497739
343;"Rua das Condominhas";4996;4966;0.1290895;40;-8.6525316;41.1497739;-8.6513058;41.1504604
344;"Rua das Condominhas";4966;304;0.0474195;40;-8.6513058;41.1504604;-8.6508633;41.1507245
345;"Rua do Ouro";305;2484;0.4099911;70;-8.6532237;41.1483218;-8.6484771;41.1482384
346;"Rua do Ouro";2484;4951;0.2159288;70;-8.6484771;41.1482384;-8.6459425;41.1484161
347;"Rua do Ouro";4951;306;0.7136689;70;-8.6459425;41.1484161;-8.6375462;41.1483303
348;"";305;307;0.009728;70;-8.6532237;41.1483218;-8.6532288;41.1484092
349;"";307;308;0.0022942;70;-8.6532288;41.1484092;-8.6532322;41.1484297
350;"Rua de Aleixo Mota";300;26134;0.0768308;60;-8.6533333;41.1485833;-8.6538459;41.149155
351;"Rua de Aleixo Mota";26134;309;0.030108;60;-8.6538459;41.149155;-8.654042;41.1493812
352;"Rua das Sobreiras";301;310;0.0212829;70;-8.6540643;41.1486674;-8.6542788;41.1485647
353;"Rua de Dom Pedro de Meneses; Rua do Aleixo Mota";311;605;0.0624344;60;-8.656015;41.1504079;-8.6565083;41.1508289
354;"Rua de Dom Pedro de Meneses; Rua do Aleixo Mota";605;312;0.0753106;60;-8.6565083;41.1508289;-8.6573042;41.1511072
355;"Rua das Sobreiras";284;313;0.6118704;70;-8.6548132;41.1482725;-8.6613266;41.1474924
356;"Rua do Ouro";285;305;0.0792808;70;-8.6541606;41.1484202;-8.6532237;41.1483218
357;"";314;315;0.3164193;30;-8.640827;41.149841;-8.6380997;41.1510897
358;"";316;317;0.0165389;30;-8.6356995;41.151081;-8.6358814;41.151023
359;"Via Panorâmica";318;319;1.0053424;30;-8.6448504;41.1538207;-8.6378407;41.1501385
360;"Viaduto do Cais das Pedras";320;321;0.3484083;70;-8.6307177;41.1455854;-8.6268987;41.1447278
361;"Rua Ferreira Borges";322;1337;0.0299131;50;-8.6152794;41.1427807;-8.6152759;41.1425117
362;"Rua Ferreira Borges";1337;1340;0.0951295;50;-8.6152759;41.1425117;-8.6153136;41.1416589
363;"Rua Ferreira Borges";1340;323;0.0982855;50;-8.6153136;41.1416589;-8.6153165;41.140775
364;"IC1 / IC23 - Ponte da Arrábida";324;314;0.5523978;120;-8.6396396;41.1449543;-8.640827;41.149841
365;"Rua do Passeio Alegre";325;5149;0.0620649;70;-8.6673286;41.147469;-8.6679707;41.1477464
366;"Rua do Passeio Alegre";5149;5132;0.1608035;70;-8.6679707;41.1477464;-8.669665;41.1484219
367;"Rua do Passeio Alegre";5132;5143;0.0482665;70;-8.669665;41.1484219;-8.6701762;41.1486225
368;"Rua do Passeio Alegre";5143;5170;0.0600485;70;-8.6701762;41.1486225;-8.670821;41.1488589
369;"Rua do Passeio Alegre";5170;5160;0.0843714;70;-8.670821;41.1488589;-8.6717801;41.1490414
370;"Rua do Passeio Alegre";5160;17726;0.0363246;70;-8.6717801;41.1490414;-8.6722139;41.1490449
371;"Rua do Passeio Alegre";17726;286;0.0592788;70;-8.6722139;41.1490449;-8.6729195;41.1490864
372;"Esplanada do Rio de Janeiro";326;327;0.2209255;70;-8.6883123;41.1727112;-8.6871521;41.1709269
373;"";328;329;0.03574;70;-8.6880826;41.1685071;-8.6884635;41.1683804
374;"";330;328;0.0393215;70;-8.6880264;41.1681621;-8.6880826;41.1685071
375;"Praça Cidade do Salvador";331;332;0.1034786;70;-8.6891517;41.1736465;-8.6886988;41.1729125
376;"Brito Capelo";333;45085;0.1214105;60;-8.6885483;41.1736894;-8.6889019;41.1747167
377;"Brito Capelo";45085;46084;0.211548;60;-8.6889019;41.1747167;-8.6891305;41.1766114
378;"Brito Capelo";46084;46096;0.2056469;60;-8.6891305;41.1766114;-8.6893648;41.1784524
379;"Brito Capelo";46096;399;0.1729306;60;-8.6893648;41.1784524;-8.6895403;41.1800019
380;"Brito Capelo";399;334;0.0183188;60;-8.6895403;41.1800019;-8.6896524;41.1801434
381;"";326;335;0.0366652;70;-8.6883123;41.1727112;-8.6883372;41.1730402
382;"";332;326;0.0395311;70;-8.6886988;41.1729125;-8.6883123;41.1727112
383;"Avenida General Norton de Matos";336;1941;0.3098554;40;-8.6936951;41.1797948;-8.6919152;41.1773759
384;"Avenida General Norton de Matos";1941;46082;0.1164693;40;-8.6919152;41.1773759;-8.6912033;41.1764759
385;"Avenida General Norton de Matos";46082;337;0.2249125;40;-8.6912033;41.1764759;-8.6898244;41.1747398
386;"";338;293;0.0400067;120;-8.6561882;41.1781656;-8.6563089;41.1778421
387;"";339;293;0.0266151;70;-8.6560288;41.1779544;-8.6563089;41.1778421
388;"Rotunda AEP";340;341;0.0404625;70;-8.6557062;41.1782742;-8.6560208;41.178011
389;"";342;338;0.0926772;30;-8.6568588;41.1788269;-8.6561882;41.1781656
390;"";338;341;0.0221767;30;-8.6561882;41.1781656;-8.6560208;41.178011
391;"N12";343;344;0.4018517;70;-8.5610125;41.1581386;-8.5626522;41.1613028
392;"";345;346;0.1172489;120;-8.6553563;41.1783092;-8.6563727;41.1790288
393;"";346;48954;0.0649136;30;-8.6563727;41.1790288;-8.6568797;41.1794706
394;"";48954;347;0.0824757;30;-8.6568797;41.1794706;-8.6572773;41.1801448
395;"";346;348;0.1064062;120;-8.6563727;41.1790288;-8.6573622;41.1796296
396;"";349;342;0.0996479;30;-8.6575444;41.1795591;-8.6568588;41.1788269
397;"";350;342;0.1354048;30;-8.6581699;41.1795319;-8.6568588;41.1788269
398;"A41";351;352;0.4850839;30;-8.6937558;41.2324877;-8.6955666;41.2327219
399;"Avenida de Sidónio Pais";353;51592;0.0294612;70;-8.6347093;41.1638353;-8.6350437;41.1639179
400;"Avenida de Sidónio Pais";51592;51599;0.1262082;70;-8.6350437;41.1639179;-8.6364301;41.1643629
401;"Avenida de Sidónio Pais";51599;354;0.0796908;70;-8.6364301;41.1643629;-8.637335;41.1645855
402;"Estrada da Circunvalação";355;356;0.0809084;70;-8.6550823;41.1779885;-8.6542434;41.1783191
403;"";357;47686;0.2855642;30;-8.6520583;41.1751919;-8.6542385;41.1771631
404;"";47686;358;0.1112813;30;-8.6542385;41.1771631;-8.6550881;41.1779311
405;"";359;49998;0.4465089;40;-8.6461276;41.1791028;-8.6489216;41.1810292
406;"";49998;360;0.028369;40;-8.6489216;41.1810292;-8.6488759;41.181282
407;"";361;2851;0.2381441;120;-8.6555602;41.1776662;-8.6535388;41.176203
408;"";2851;362;0.0687659;120;-8.6535388;41.176203;-8.6529368;41.1757838
409;"Rua do Conde da Covilhã";363;364;0.0484237;60;-8.6517235;41.1761675;-8.6521491;41.1758725
410;"";365;366;0.1174245;30;-8.6530039;41.175295;-8.6527732;41.175602
411;"";367;366;0.0115922;30;-8.6528311;41.1756967;-8.6527732;41.175602
412;"";366;11984;0.0245393;30;-8.6527732;41.175602;-8.6525779;41.1754374
413;"";11984;365;0.1151244;30;-8.6525779;41.1754374;-8.6530039;41.175295
414;"Rua do Conde da Covilhã";363;368;0.0572719;40;-8.6517235;41.1761675;-8.6510449;41.1762338
415;"Rua do Conde da Covilhã";369;363;0.0469752;60;-8.6513098;41.176453;-8.6517235;41.1761675
416;"Rua do Conde da Covilhã";370;363;0.0581029;30;-8.6516412;41.1766855;-8.6517235;41.1761675
417;"Rua do Padre Américo";371;49512;0.0341267;40;-8.6402749;41.1663259;-8.6401113;41.1660652
418;"Rua do Padre Américo";49512;372;0.5003597;40;-8.6401113;41.1660652;-8.6390345;41.1660024
419;"Avenida de Sidónio Pais";373;64;0.0007354;30;-8.6404676;41.1656334;-8.6404621;41.1656282
420;"Avenida de Sidónio Pais";64;374;0.0667376;30;-8.6404621;41.1656282;-8.6399775;41.1651601
421;"Avenida Industrial Portuense";375;8;0.0298755;120;-8.6403825;41.1658795;-8.6406178;41.1660815
422;"Avenida Industrial Portuense";8;376;0.1336884;120;-8.6406178;41.1660815;-8.6417749;41.1669102
423;"N12";377;11301;0.0594719;70;-8.5616658;41.1584373;-8.5620853;41.1580501
424;"N12";11301;8092;0.01648;70;-8.5620853;41.1580501;-8.5620555;41.1579036
425;"N12";8092;378;0.0505122;70;-8.5620555;41.1579036;-8.5616076;41.1576309
426;"N12";378;11304;0.0826456;70;-8.5616076;41.1576309;-8.5610003;41.1580905
427;"N12";11304;343;0.0054453;70;-8.5610003;41.1580905;-8.5610125;41.1581386
428;"N12";343;44900;0.0475225;70;-8.5610125;41.1581386;-8.5613911;41.1584325
429;"N12";44900;377;0.0231914;70;-8.5613911;41.1584325;-8.5616658;41.1584373
430;"";378;379;0.3064161;30;-8.5616076;41.1576309;-8.558623;41.1560597
431;"Via Norte";380;381;0.3032637;70;-8.6269868;41.2202286;-8.6270854;41.2175025
432;"";382;383;0.2219878;120;-8.6292928;41.1724822;-8.6266784;41.1728139
433;"Rua 5 de Outubro";384;15963;0.0185819;70;-8.6339273;41.1634885;-8.6337327;41.1634081
434;"Rua 5 de Outubro";15963;385;0.0299236;70;-8.6337327;41.1634081;-8.6334722;41.1632245
435;"";386;387;0.3256946;30;-8.6715334;41.1890009;-8.6713106;41.1870067
436;"";388;389;0.2908656;30;-8.6686078;41.1885972;-8.6682742;41.1882143
437;"";390;391;0.2937706;30;-8.6693831;41.1886587;-8.66875;41.1886061
438;"Avenida da Republica";392;7690;0.0227728;60;-8.6818911;41.1805368;-8.681931;41.1807352
439;"Avenida da Republica";7690;393;0.0320712;60;-8.681931;41.1807352;-8.6822615;41.1808492
440;"Avenida da Republica";393;46672;0.0143563;60;-8.6822615;41.1808492;-8.6824131;41.1807936
441;"Avenida da Republica";46672;397;0.0171634;60;-8.6824131;41.1807936;-8.6825316;41.1806714
442;"Avenida da Republica";397;400;0.0226915;60;-8.6825316;41.1806714;-8.6824976;41.1804732
443;"Avenida da Republica";400;401;0.0300283;60;-8.6824976;41.1804732;-8.6821944;41.1803518
444;"Avenida da Republica";401;404;0.0207597;60;-8.6821944;41.1803518;-8.6819728;41.1804281
445;"Avenida da Republica";404;392;0.0138869;60;-8.6819728;41.1804281;-8.6818911;41.1805368
446;"Avenida Dom Afonso Henriques";393;394;0.1751878;40;-8.6822615;41.1808492;-8.6829638;41.1823297
447;"Avenida Dom Afonso Henriques";395;46671;0.0602293;40;-8.6836688;41.1818304;-8.6831024;41.1821418
448;"Avenida Dom Afonso Henriques";46671;394;0.0238973;40;-8.6831024;41.1821418;-8.6829638;41.1823297
449;"Avenida Dom Afonso Henriques";394;3265;0.0225459;40;-8.6829638;41.1823297;-8.6827608;41.182463
450;"Avenida Dom Afonso Henriques";3265;396;0.0534802;40;-8.6827608;41.182463;-8.6822809;41.1827806
451;"Avenida da República";397;46162;0.1039399;60;-8.6825316;41.1806714;-8.6837565;41.1805576
452;"Avenida da República";46162;1912;0.0789851;60;-8.6837565;41.1805576;-8.6846956;41.1804869
453;"Avenida da República";1912;1907;0.0822866;60;-8.6846956;41.1804869;-8.685675;41.1804216
454;"Avenida da República";1907;46154;0.08391;60;-8.685675;41.1804216;-8.6866728;41.1803476
455;"Avenida da República";46154;1919;0.1627398;60;-8.6866728;41.1803476;-8.6886098;41.1802187
456;"Avenida da República";1919;334;0.0876573;60;-8.6886098;41.1802187;-8.6896524;41.1801434
457;"Avenida da República";398;399;0.0755371;60;-8.6904388;41.1799585;-8.6895403;41.1800019
458;"Avenida da República";399;44805;0.079129;60;-8.6895403;41.1800019;-8.6885999;41.1800757
459;"Avenida da República";44805;1909;0.1637504;60;-8.6885999;41.1800757;-8.6866526;41.180219
460;"Avenida da República";1909;1906;0.0836913;60;-8.6866526;41.180219;-8.6856579;41.1802965
461;"Avenida da República";1906;44808;0.0790025;60;-8.6856579;41.1802965;-8.6847167;41.1803511
462;"Avenida da República";44808;1914;0.0823421;60;-8.6847167;41.1803511;-8.6837374;41.1804226
463;"Avenida da República";1914;400;0.1050095;60;-8.6837374;41.1804226;-8.6824976;41.1804732
464;"Avenida Dom Afonso Henriques";401;402;0.144789;60;-8.6821944;41.1803518;-8.6815649;41.1791424
465;"Avenida Dom Afonso Henriques";403;404;0.1445838;60;-8.6813726;41.1792151;-8.6819728;41.1804281
466;"";405;406;0.1870101;30;-8.5657685;41.1637223;-8.5656998;41.1620435
467;"";407;408;0.1445162;30;-8.5658288;41.1617411;-8.5645547;41.1623177
468;"A43";409;410;0.3754968;120;-8.5716104;41.1565717;-8.5680412;41.1584254
469;"A43 - IC29";411;37328;0.1011185;120;-8.5724479;41.1556021;-8.5724675;41.1546929
470;"A43 - IC29";37328;419;0.3718673;120;-8.5724675;41.1546929;-8.5749619;41.1520708
471;"A43 - IC29";419;425;0.3943626;120;-8.5749619;41.1520708;-8.5786094;41.1498733
472;"A43 - IC29";425;418;0.1862619;120;-8.5786094;41.1498733;-8.5806696;41.1492659
473;"A43 - IC29";418;415;0.1734238;120;-8.5806696;41.1492659;-8.5815279;41.1479409
474;"A43 - IC29";415;412;0.2832535;120;-8.5815279;41.1479409;-8.579423;41.1460524
475;"A43 - IC29";413;428;0.0303837;120;-8.5792714;41.1462234;-8.5796139;41.1463057
476;"A43 - IC29";428;426;0.2001948;120;-8.5796139;41.1463057;-8.5812704;41.1475661
477;"A43 - IC29";426;2334;0.2759375;120;-8.5812704;41.1475661;-8.5798714;41.1494727
478;"A43 - IC29";2334;2333;0.5300861;120;-8.5798714;41.1494727;-8.5747044;41.1520837
479;"A43 - IC29";2333;414;0.4790373;120;-8.5747044;41.1520837;-8.5722833;41.1556959
480;"";415;416;0.2664;30;-8.5815279;41.1479409;-8.58118;41.1455675
481;"";417;418;0.2878157;30;-8.5797279;41.1513717;-8.5806696;41.1492659
482;"";419;420;0.5039423;30;-8.5749619;41.1520708;-8.5803245;41.1522128
483;"";421;422;0.0873616;30;-8.5788017;41.1494118;-8.5786869;41.1501836
484;"";423;424;0.0969549;30;-8.5778544;41.1512241;-8.5767433;41.1510242
485;"";423;425;0.2244146;30;-8.5778544;41.1512241;-8.5786094;41.1498733
486;"";426;427;0.260546;30;-8.5812704;41.1475661;-8.5805893;41.1473404
487;"";428;429;0.327441;30;-8.5796139;41.1463057;-8.5789989;41.148876
488;"Retunda do Freixo";430;413;0.0100506;70;-8.5791542;41.1462429;-8.5792714;41.1462234
489;"Retunda do Freixo";413;412;0.0238542;70;-8.5792714;41.1462234;-8.579423;41.1460524
490;"Retunda do Freixo";412;2977;0.0083295;70;-8.579423;41.1460524;-8.5794094;41.1459782
491;"Retunda do Freixo";2977;434;0.0201723;70;-8.5794094;41.1459782;-8.5792443;41.1458526
492;"Retunda do Freixo";434;990;0.0425294;70;-8.5792443;41.1458526;-8.5788903;41.1460447
493;"Retunda do Freixo";990;433;0.017313;70;-8.5788903;41.1460447;-8.5789699;41.1461852
494;"Retunda do Freixo";433;430;0.0170236;70;-8.5789699;41.1461852;-8.5791542;41.1462429
495;"Rua Conde de Silva Monteiro";430;431;0.8577392;70;-8.5791542;41.1462429;-8.5747479;41.1518938
496;"";432;37256;0.2849413;40;-8.5744873;41.1454372;-8.5729143;41.1467
497;"";37256;37036;0.0642836;40;-8.5729143;41.1467;-8.5736425;41.1467832
498;"";37036;37178;0.0061948;40;-8.5736425;41.1467832;-8.5737107;41.1468048
499;"";37178;37285;0.0257769;40;-8.5737107;41.1468048;-8.5740048;41.1468682
500;"";37285;37035;0.3698685;40;-8.5740048;41.1468682;-8.5771493;41.1449617
501;"";37035;433;0.2470891;40;-8.5771493;41.1449617;-8.5789699;41.1461852
502;"N12";434;435;0.1695104;70;-8.5792443;41.1458526;-8.5779311;41.1447718
503;"Túnel da Ribeira";436;437;0.1754944;70;-8.6128692;41.1415688;-8.6108175;41.1412471
504;"A 28";438;439;0.0893765;120;-8.6559271;41.1782786;-8.6552362;41.1776657
505;"A 28 - Avenida Industrial Portuense";439;362;0.2843013;120;-8.6552362;41.1776657;-8.6529368;41.1757838
506;"A 28";440;441;0.0848706;120;-8.6551074;41.177769;-8.6558027;41.1783246
507;"A 28";441;348;0.1953117;120;-8.6558027;41.1783246;-8.6573622;41.1796296
508;"A 28";348;1962;1.0091101;120;-8.6573622;41.1796296;-8.6655549;41.1862883
509;"A 28";1962;389;0.3127479;120;-8.6655549;41.1862883;-8.6682742;41.1882143
510;"";442;443;0.095382;30;-8.653812;41.1785441;-8.6527892;41.1789149
511;"Rua Pedro Hispano";444;46229;0.0936216;70;-8.6308069;41.1650366;-8.6317726;41.1646119
512;"Rua Pedro Hispano";46229;49549;0.0204902;70;-8.6317726;41.1646119;-8.6319782;41.1645119
513;"Rua Pedro Hispano";49549;445;0.0275295;70;-8.6319782;41.1645119;-8.6322544;41.1643775
514;"Rua Pedro Hispano";446;447;0.0331282;70;-8.6324427;41.164267;-8.6327818;41.1641134
515;"Rua Pedro Hispano";448;449;0.0164477;60;-8.6350723;41.1630018;-8.6352081;41.1628949
516;"Rua de Carlos Malheiro Dias";450;1834;0.0569934;70;-8.5936441;41.160505;-8.5943119;41.1606047
517;"Rua de Carlos Malheiro Dias";1834;1852;0.2025088;70;-8.5943119;41.1606047;-8.5967003;41.1608936
518;"Rua de Carlos Malheiro Dias";1852;451;0.1341635;70;-8.5967003;41.1608936;-8.5982821;41.1610875
519;"Rua da Constituição";451;691;0.1717105;70;-8.5982821;41.1610875;-8.6003078;41.16133
520;"Rua da Constituição";691;700;0.1163572;70;-8.6003078;41.16133;-8.6016778;41.1615066
521;"Rua da Constituição";700;452;0.1893961;70;-8.6016778;41.1615066;-8.603901;41.1618224
522;"Rua Nova de São Crispim";453;26099;0.0349964;70;-8.5919716;41.1609447;-8.5923663;41.160841
523;"Rua Nova de São Crispim";26099;450;0.1133079;70;-8.5923663;41.160841;-8.5936441;41.160505
524;"Avenida Fernão Magalhães";454;455;0.1851148;70;-8.5825239;41.1787012;-8.5818419;41.1802755
525;"Avenida Montevideu";456;457;0.4256281;70;-8.6837502;41.1593698;-8.6857439;41.162891
526;"Rua do Coronel Raul Peres";458;26129;0.4138825;70;-8.6785689;41.1529128;-8.6760895;41.1497703
527;"Rua do Coronel Raul Peres";26129;289;0.0083056;70;-8.6760895;41.1497703;-8.6760451;41.1497035
528;"Rua da Senhora da Luz";459;2041;0.0208555;70;-8.6757064;41.1494971;-8.6757844;41.1496748
529;"Rua da Senhora da Luz";2041;26130;0.02027;70;-8.6757844;41.1496748;-8.6758607;41.1498478
530;"Rua da Senhora da Luz";26130;5152;0.0552319;70;-8.6758607;41.1498478;-8.6760625;41.1503207
531;"Rua da Senhora da Luz";5152;5179;0.0407769;70;-8.6760625;41.1503207;-8.6762832;41.1506476
532;"Rua da Senhora da Luz";5179;27015;0.0553848;70;-8.6762832;41.1506476;-8.6765822;41.1510919
533;"Rua da Senhora da Luz";27015;5184;0.0611183;70;-8.6765822;41.1510919;-8.6769357;41.1515728
534;"Rua da Senhora da Luz";5184;17728;0.0254295;70;-8.6769357;41.1515728;-8.6770786;41.1517746
535;"Rua da Senhora da Luz";17728;5180;0.0569268;70;-8.6770786;41.1517746;-8.6774986;41.1521772
536;"Rua da Senhora da Luz";5180;49235;0.0177598;70;-8.6774986;41.1521772;-8.6776281;41.1523037
537;"Rua da Senhora da Luz";49235;460;0.0983984;70;-8.6776281;41.1523037;-8.6783674;41.1529916
538;"Avenida do Brasil";461;2130;0.0554909;70;-8.6796699;41.1544911;-8.680022;41.1549139
539;"Avenida do Brasil";2130;5213;0.0534148;70;-8.680022;41.1549139;-8.680363;41.1553199
540;"Avenida do Brasil";5213;2037;0.080953;70;-8.680363;41.1553199;-8.6808722;41.1559388
541;"Avenida do Brasil";2037;2036;0.156623;70;-8.6808722;41.1559388;-8.6818956;41.1571179
542;"Avenida do Brasil";2036;5957;0.2903195;70;-8.6818956;41.1571179;-8.6837252;41.1593358
543;"Avenida do Brasil";5957;456;0.0043214;70;-8.6837252;41.1593358;-8.6837502;41.1593698
544;"Avenida do Brasil";460;26127;0.0618865;70;-8.6783674;41.1529916;-8.6787745;41.1534557
545;"Avenida do Brasil";26127;5210;0.1079636;70;-8.6787745;41.1534557;-8.6794359;41.1542892
546;"Avenida do Brasil";5210;461;0.0297964;70;-8.6794359;41.1542892;-8.6796699;41.1544911
548;"Avenida do Brasil";461;26128;0.1361634;70;-8.6796699;41.1544911;-8.6789287;41.1534056
549;"Avenida do Brasil";26128;458;0.0625313;70;-8.6789287;41.1534056;-8.6785689;41.1529128
550;"Avenida Montevideu";462;299;0.0453564;70;-8.6885946;41.1673547;-8.6881447;41.1671451
551;"Esplanada do Castelo";286;2042;0.0254281;70;-8.6729195;41.1490864;-8.6731813;41.1492023
552;"Esplanada do Castelo";2042;26132;0.1916851;70;-8.6731813;41.1492023;-8.6754047;41.1493649
553;"Esplanada do Castelo";26132;459;0.0294008;70;-8.6754047;41.1493649;-8.6757064;41.1494971
554;"Esplanada do Castelo";288;287;0.1218528;40;-8.6742716;41.1481568;-8.6729653;41.1486174
555;"Rua do Passeio Alegre";313;5034;0.0070355;70;-8.6613266;41.1474924;-8.6614076;41.1475092
556;"Rua do Passeio Alegre";5034;5057;0.3546909;70;-8.6614076;41.1475092;-8.6655128;41.1479252
557;"Rua do Passeio Alegre";5057;5091;0.0442227;70;-8.6655128;41.1479252;-8.665978;41.1477369
558;"Rua do Passeio Alegre";5091;5134;0.0337671;70;-8.665978;41.1477369;-8.6663232;41.1475799
559;"Rua do Passeio Alegre";5134;5147;0.0646607;70;-8.6663232;41.1475799;-8.6670269;41.1473849
560;"Rua do Passeio Alegre";5147;325;0.0269861;70;-8.6670269;41.1473849;-8.6673286;41.147469
561;"Cais do Bicalho";306;463;0.3349719;70;-8.6375462;41.1483303;-8.6337586;41.1474361
562;"Alameda de Basilio Teles";463;1326;0.0912704;70;-8.6337586;41.1474361;-8.6328764;41.146954
563;"Alameda de Basilio Teles";1326;2015;0.1138342;70;-8.6328764;41.146954;-8.6317849;41.1463437
564;"Alameda de Basilio Teles";2015;4905;0.033712;70;-8.6317849;41.1463437;-8.631476;41.1461507
565;"Alameda de Basilio Teles";4905;320;0.089347;70;-8.631476;41.1461507;-8.6307177;41.1455854
566;"Rua do Infante Dom Henrique";464;2621;0.0234732;70;-8.6164684;41.1404984;-8.6161892;41.14049
567;"Rua do Infante Dom Henrique";2621;323;0.0796981;70;-8.6161892;41.14049;-8.6153165;41.140775
568;"Rua do Infante Dom Henrique";323;49447;0.0630095;70;-8.6153165;41.140775;-8.6146392;41.1410216
569;"Rua do Infante Dom Henrique";49447;465;0.033596;70;-8.6146392;41.1410216;-8.614278;41.1411531
570;"Rua Clube Fluvial Portuense";466;436;0.0518309;70;-8.6134467;41.1414224;-8.6128692;41.1415688
571;"Rua da "Ribeira Negra"";437;4847;0.0791268;50;-8.6108175;41.1412471;-8.6100138;41.1408932
572;"Rua da "Ribeira Negra"";4847;467;0.024223;50;-8.6100138;41.1408932;-8.6097373;41.1408292
573;"Avenida de Paiva Couceiro";468;469;0.5960572;70;-8.5938613;41.1399688;-8.5876888;41.1420236
574;"N209";470;50562;0.0957932;70;-8.5736731;41.1440818;-8.57481;41.1439992
575;"N209";50562;471;0.1008608;70;-8.57481;41.1439992;-8.5760026;41.1440094
576;"N12";405;12362;0.1292043;70;-8.5657685;41.1637223;-8.5651421;41.1626954
577;"N12";12362;408;0.0647332;70;-8.5651421;41.1626954;-8.5645547;41.1623177
579;"Estrada da Circunvalação";473;44941;0.1376357;70;-8.5656129;41.1636078;-8.5658285;41.1648349
580;"Estrada da Circunvalação";44941;45032;0.0574745;70;-8.5658285;41.1648349;-8.5659462;41.1653438
581;"Estrada da Circunvalação";45032;474;0.1188958;70;-8.5659462;41.1653438;-8.5664355;41.166347
582;"IP1";475;476;0.400223;120;-8.5807719;41.0730067;-8.5785491;41.0761768
583;"Avenida do Marechal Gomes da Costa";278;5753;0.0560501;60;-8.6721192;41.1552999;-8.6715353;41.1555434
584;"Avenida do Marechal Gomes da Costa";5753;7662;0.0667907;60;-8.6715353;41.1555434;-8.6708324;41.1558275
585;"Avenida do Marechal Gomes da Costa";7662;45183;0.040515;60;-8.6708324;41.1558275;-8.6704025;41.1559948
586;"Avenida do Marechal Gomes da Costa";45183;45186;0.0592439;60;-8.6704025;41.1559948;-8.6697746;41.1562405
587;"Avenida do Marechal Gomes da Costa";45186;5475;0.0578725;60;-8.6697746;41.1562405;-8.6691591;41.1564774
588;"Avenida do Marechal Gomes da Costa";5475;45188;0.0327024;60;-8.6691591;41.1564774;-8.668812;41.1566123
589;"Avenida do Marechal Gomes da Costa";45188;45184;0.1481767;60;-8.668812;41.1566123;-8.6672404;41.1572252
590;"Avenida do Marechal Gomes da Costa";45184;477;0.0408138;60;-8.6672404;41.1572252;-8.6668091;41.1573963
591;"";478;479;0.1078926;30;-8.5808639;41.1384565;-8.5809658;41.1374927
592;"Rua de João Grave";480;481;0.2355722;60;-8.6439441;41.1603285;-8.6450984;41.1583964
593;"Rua de António Bessa Leite";481;6212;0.2096193;60;-8.6450984;41.1583964;-8.6430522;41.1594829
594;"Rua de António Bessa Leite";6212;482;0.1060372;60;-8.6430522;41.1594829;-8.6420142;41.1600294
595;"";483;484;0.1674967;30;-8.6452922;41.1553078;-8.6455068;41.1567877
596;"IC1 / IC23";485;486;0.1977313;120;-8.6458866;41.1562398;-8.6451875;41.1545413
597;"IC1 / IC23";487;485;0.0450932;120;-8.6460926;41.1566145;-8.6458866;41.1562398
598;"IC23";488;496;0.4263455;80;-8.6458844;41.1567231;-8.6485173;41.1600023
599;"IC23";496;63;0.6389055;80;-8.6485173;41.1600023;-8.6465558;41.1647957
600;"IC23";63;489;0.1126388;80;-8.6465558;41.1647957;-8.6454039;41.1653193
601;"IC1 / IC23";490;488;0.0424924;120;-8.6457214;41.1563612;-8.6458844;41.1567231
602;"";491;492;0.0154747;60;-8.6454982;41.1573822;-8.6454295;41.157253
603;"";493;494;0.0569856;60;-8.6454124;41.1571044;-8.645273;41.1576058
604;"";495;491;0.025742;60;-8.6455537;41.1576099;-8.6454982;41.1573822
605;"";491;46541;0.3084749;30;-8.6454982;41.1573822;-8.6475542;41.1591103
606;"";46541;501;0.0698138;30;-8.6475542;41.1591103;-8.6480731;41.1596018
607;"";501;496;0.0580181;30;-8.6480731;41.1596018;-8.6485173;41.1600023
608;"";497;498;0.0126296;60;-8.6453477;41.1580345;-8.6454982;41.1580267
609;"";498;43748;0.0217301;60;-8.6454982;41.1580267;-8.6455908;41.1578454
610;"";43748;495;0.0265686;60;-8.6455908;41.1578454;-8.6455537;41.1576099
708;"IC23";555;12;0.0221925;120;-8.6186578;41.1738731;-8.6189204;41.1738455
611;"";495;494;0.0253093;60;-8.6455537;41.1576099;-8.645273;41.1576058
612;"";494;2059;0.0263064;60;-8.645273;41.1576058;-8.645196;41.1578325
613;"";2059;499;0.0150663;60;-8.645196;41.1578325;-8.6452097;41.1579676
614;"";499;497;0.013741;60;-8.6452097;41.1579676;-8.6453477;41.1580345
615;"";484;493;0.0360914;60;-8.6455068;41.1567877;-8.6454124;41.1571044
616;"";493;492;0.0165852;60;-8.6454124;41.1571044;-8.6454295;41.157253
617;"";481;498;0.0530459;60;-8.6450984;41.1583964;-8.6454982;41.1580267
618;"";499;481;0.0488291;60;-8.6452097;41.1579676;-8.6450984;41.1583964
619;"";500;501;0.3194325;30;-8.6489004;41.1611537;-8.6480731;41.1596018
620;"";502;503;0.1873885;30;-8.6503737;41.1613925;-8.6500167;41.1597645
621;"";504;505;0.0900829;30;-8.6493567;41.160986;-8.6490606;41.1602112
622;"";506;507;0.1269558;30;-8.649517;41.1585155;-8.6484338;41.1590983
623;"";503;508;0.165563;30;-8.6500167;41.1597645;-8.6495274;41.1583456
624;"";505;508;0.2140474;30;-8.6490606;41.1602112;-8.6495274;41.1583456
625;"";508;506;0.0189119;30;-8.6495274;41.1583456;-8.649517;41.1585155
626;"";506;509;0.2310127;30;-8.649517;41.1585155;-8.6490819;41.1593299
627;"";505;514;0.1315976;30;-8.6490606;41.1602112;-8.6501205;41.1600759
628;"";514;510;0.1504241;30;-8.6501205;41.1600759;-8.6500781;41.1613451
629;"Rua de Grijó";508;13036;0.0902653;60;-8.6495274;41.1583456;-8.6490958;41.1576017
630;"Rua de Grijó";13036;43762;0.1389728;60;-8.6490958;41.1576017;-8.6485732;41.1564243
631;"Rua de Grijó";43762;511;0.1287308;60;-8.6485732;41.1564243;-8.6482187;41.1553043
632;"";480;47248;0.00694;50;-8.6439441;41.1603285;-8.6438952;41.1603789